Од Википедија — слободната енциклопедија
Оваа статија можеби треба да се ажурира . Уредете ја статијата за да ги одразува скорешните настани или новодостапните информации, и отстранете ја оваа предлошка кога ќе завршите.
Демографија на Македонија Население ▼ 1,836,713 (2021)[ 1] Прираст ▼ -0.32% (2020)[ 1] Родност ▼ 9.2 на 1,000 (2020)[ 1] Смртност 12.4 на 1,000 (2020)[ 1] Очекуван животен век ▲ 76.40 години (2020) • мажи ▲ 74.45 години (2020) • жени ▲ 78.41 години (2020)Новороденечка смртност 6.7 на 1,000 (2020)[ 1]
Оваа статија е за демографијата на Република Македонија .
Демографската слика на Македонија значително се променила во текот на 20 век поради политички пресврти, војни и миграции. Пописот од 1948 година забележал население од 1.152.986 жители, а Македонците сочинувале 68,5% од населението.
По Втората светска војна, Македонија станала дел од Социјалистичка Федеративна Република Југославија. Населението продолжи да расте, достигнувајќи го врвот од 2.033.964 во 1991 година.
Од распадот на Југославија, Македонија се соочи со предизвици како што се економската нестабилност и емиграцијата. Пописот од 2021 година забележал население од 1.836.713 жители, а Македонците сочинувале 64,17% од населението.
Година
Население
Стапка на раст
Густина на населеност на km2
1921
808,724
-
31.5
1931
949,958
+17.46%
36.9
1948
1,152,986
+21.37%
44.8
1953
1,304,514
+13.14%
50.7
1961
1,406,003
+7.78%
54.7
1971
1,647,308
+17.16%
64.1
1981
1,909,136
+15.89%
74.2
1991
2,033,964
+6.54%
79.1
1994
1,945,932
-4.33%
75.7
2002
2,022,547
+3.94%
78.7
2021
1,836,713
-9.19%
71.4
Извор: Државен завод за статистика[ 2]
Пирамиди на населението
1948
1953
1971
2002
2021
[ 3] [ 4]
Извор: Државен завод за статистика[ 5]
Просечно население
Живородени
Умрени
Природен прираст
Сурова стапка на наталитет (на 1000)
Сурова стапка на смртност (на 1000)
Природен прираст (на 1000)
Вкупна стапка на фертилитет
Женско фертилно население (15–49 години)
1950
1,229,000
49,560
18,023
31,537
40.3
14.7
25.7
5.70
294,932
1951
1,262,000
45,329
20,747
24,582
35.9
16.4
19.5
5.14
301,090
1952
1,280,000
51,054
17,978
33,076
39.9
14.0
25.8
5.64
307,247
1953
1,310,000
49,665
19,312
30,353
37.9
14.7
23.2
5.26
313,405
1954
1,338,000
50,984
16,722
34,262
38.1
12.5
25.6
5.27
317,457
1955
1,355,000
49,093
17,919
31,174
36.2
13.2
23.0
4.95
321,510
1956
1,357,000
47,486
15,386
32,100
35.0
11.3
23.7
4.63
325,560
1957
1,364,000
46,107
17,341
28,766
33.8
12.7
21.1
4.21
341,923
1958
1,375,000
44,619
13,917
30,702
32.5
10.1
22.3
4.27
324,023
1959
1,382,000
44,638
14,998
29,640
32.3
10.9
21.4
4.21
326,696
1960
1,391,927
44,059
14,007
30,052
31.7
10.1
21.6
4.11
330,667
1961
1,408,302
42,182
13,141
29,041
30.0
9.3
20.6
3.87
334,636
1962
1,427,771
40,615
16,155
24,460
28.4
11.3
17.1
3.68
339,207
1963
1,449,932
41,284
13,229
28,055
28.5
9.1
19.3
3.70
346,814
1964
1,473,996
42,897
13,286
29,611
29.1
9.0
20.1
3.79
355,915
1965
1,499,729
42,433
12,758
29,675
28.3
8.5
19.8
3.67
364,762
1966
1,525,841
41,434
12,307
29,127
27.2
8.1
19.1
3.55
374,067
1967
1,550,453
40,763
12,523
28,240
26.3
8.1
18.2
3.44
385,649
1968
1,575,714
40,123
12,461
27,662
25.5
7.9
17.6
3.35
385,966
1969
1,602,993
40,342
13,111
27,231
25.2
8.2
17.0
3.24
407,438
1970
1,629,061
37,862
12,430
25,432
23.2
7.6
15.6
2.98
414,465
1971
1,654,076
37,904
12,447
25,457
22.9
7.5
15.4
2.93
421,227
1972
1,679,456
38,187
13,096
25,091
22.7
7.8
14.9
2.85
433,883
1973
1,704,602
37,478
12,217
25,261
22.0
7.2
14.8
2.72
441,859
1974
1,729,935
38,382
12,143
26,239
22.2
7.0
15.2
2.70
449,167
1975
1,756,335
39,579
12,629
26,950
22.5
7.2
15.3
2.70
459,158
1976
1,783,518
39,809
12,377
27,432
22.3
6.9
15.4
2.68
460,429
1977
1,810,148
38,932
12,899
26,033
21.5
7.1
14.4
2.54
471,192
1978
1,836,270
38,790
12,577
26,213
21.1
6.8
14.3
2.49
477,743
1979
1,863,728
39,407
12,653
26,754
21.1
6.8
14.4
2.49
485,716
1980
1,891,319
39,784
13,542
26,242
21.0
7.2
13.9
2.46
493,690
1981
1,916,713
39,488
13,383
26,105
20.6
7.0
13.6
2.48
491,236
1982
1,941,914
39,789
13,510
26,279
20.5
7.0
13.5
2.45
494,341
1983
1,967,556
39,210
14,391
24,819
19.9
7.3
12.6
2.40
506,960
1984
1,992,424
38,861
14,066
24,795
19.5
7.1
12.4
2.35
510,613
1985
2,016,942
38,722
14,408
24,314
19.2
7.1
12.1
2.32
516,227
1986
2,041,064
38,234
14,438
23,796
18.7
7.1
11.7
2.27
521,106
1987
2,065,005
38,572
14,644
23,928
18.7
7.1
11.6
2.27
529,021
1988
2,088,651
37,879
14,565
23,314
18.1
7.0
11.2
2.22
530,321
1989
2,070,912
35,927
14,592
21,335
17.3
7.0
10.3
2.09
538,168
1990
2,053,172
35,401
14,643
20,758
17.2
7.1
10.1
2.06
547,749
1991
2,035,433
34,830
14,789
20,041
17.1
7.3
9.8
2.30
512,254
1992
2,017,694
33,238
16,022
17,216
16.5
7.9
8.5
2.20
507,710
1993
1,999,955
32,374
15,591
16,783
16.2
7.8
8.4
2.15
503,163
1994 [ 6]
1,982,215
31,421
15,771
15,650
15.9
8.0
7.9
2.14
498,620
1995
1,964,476
29,886
16,338
13,548
15.2
8.3
6.9
2.07
505,335
1996
1,981,543
28,946
16,063
12,883
14.6
8.1
6.5
1.94
511,960
1997
1,996,869
26,830
16,596
10,234
13.4
8.3
5.1
1.73
517,392
1998
2,007,523
26,639
16,870
9,769
13.3
8.4
4.9
1.72
520,862
1999
2,017,142
24,963
16,789
8,174
12.4
8.3
4.1
1.63
523,687
2000
2,026,350
26,168
17,253
8,915
12.9
8.5
4.4
1.74
526,563
2001
2,034,882
24,183
16,919
7,264
11.9
8.3
3.6
1.54
529,374
2002
2,020,157
24,154
17,962
6,192
12.0
8.9
3.1
1.57
526,937
2003
2,026,773
23,596
18,006
5,590
13.3
8.9
4.4
1.50
524,156
2004
2,032,544
23,361
17,944
5,417
11.5
8.8
2.7
1.52
525,682
2005
2,036,855
22,482
18,406
4,076
11.0
9.0
2.0
1.46
526,456
2006
2,040,228
22,585
18,630
3,955
11.1
9.1
1.9
1.46
527,410
2007
2,043,559
22,688
19,594
3,094
11.1
9.6
1.5
1.46
528,413
2008
2,046,898
22,945
18,982
3,963
11.2
9.3
1.9
1.47
528,842
2009
2,050,671
23,684
19,060
4,624
11.5
9.3
2.3
1.52
528,674
2010
2,055,004
24,296
19,113
5,183
11.8
9.3
2.5
1.56
527,743
2011
2,058,539
22,770
19,465
3,305
11.1
9.5
1.6
1.46
526,437
2012
2,061,044
23,568
20,134
3,434
11.4
9.8
1.7
1.51
525,092
2013
2,064,032
23,138
19,208
3,930
11.2
9.3
1.9
1.49
523,099
2014
2,067,471
23,596
19,718
3,878
11.4
9.5
1.9
1.53
520,072
2015
2,070,226
23,075
20,461
2,614
11.1
9.9
1.3
1.50
516,830
2016
2,072,490
23,002
20,421
2,581
11.1
9.9
1.2
1.51
513,990
2017
2,074,502
21,754
20,318
1,436
10.5
9.8
0.7
1.44
510,786
2018 [ 7]
2,076,217
21,333
19,727
1,606
10.3
9.5
0.8
1.43
507,275
2019 [ 8] [ 9]
2,076,694
19,845
20,446
-601
9.6
9.8
-0.3
1.34
503,623
2020 [ 10] [ 11]
2,072,531
19,031
25,755
-6,724
9.2
12.4
-3.2
1.31
499,777
2021 [ 12] [ 13]
1,836,713
18,648
28,516
-9,868
10.2
15.5
-5.4
1.62
410,739
2022p
17,771
22,375
-4,604
Етнички состав на Македонија, според пописот од 2021 година
Демографска карта на Македонија според пописот од 2002. Густина на население по општини според пописот од 2002 Според податоците од пописот 2002
Вкупно:2,022,547 жители
Домаќинства:564,296
Станови:698,143
Мажи:1,015,377 или 50,20%
Жени:1,007,170 или 49,80%
Пол
Мажи
50,20 %
Жени
49,80 %
Македонци : 1,297,981 или 64.18%.
Албанци : 506,083 или 25.17%
Турци : 77,959 или 3.85%
Роми : 53,879 или 2.66%
Срби : 38,939 или 1.78%
Бошњаци 17,018 или 0.84%
Муслимани : 2,553 или 0.13%
Власи : 9695 или 0.479%
Египќани : 3,713 или 0.18%
Хрвати : 2,686 или 0.13%
Црногорци : 2,003 или 0.13%
Бугари : 1,417 или 0.07%
Грци : 422 или 0.02%
Руси : 368 или 0.02%
Словенци : 365 или 0.02%
Полјаци : 162 или 0.01%
Украинци : 136 или 0.01%
Германци : 88 или 0.004%
Чеси : 60 или 0.005%
Словаци : 60 или 0.005%
Евреи : 53 или 0.003%
Италијанци : 46 или 0.002%
Австријци : 35 или 0.002%
Русини : 24 или 0.001%
Регионално самоопределени: 829 или 0.04%
Неопределени: 404 или 0.02%
Други: 5,332 или 0.26%
Етнички групи
Македонци
65,17 %
Албанци
25,17 %
Турци
3,85 %
Роми
2,66 %
Срби
1,78 %
Бошњаци
0,84 %
Муслимани
0,13 %
Власи
0,479 %
Египќани
0,184 %
Црногорци
0,133 %
Унгарци
0,1 %
Бугари
0,073 %
Грци
0,021 %
Руси
0,018 %
Словенци
0,018 %
Полјаци
0,008 %
Украинци
0,007 %
Хрвати
0,006 %
Германци
0,004 %
Чеси
0,005 %
Словаци
0,005 %
Евреи
0,003 %
Италијанци
0,002 %
Австријци
0,002 %
Русини
0,001 %
Самоопределени
0,041 %
Неопределени
0,02 %
Други
0,264 %
Македонски:66,49%
Албански:25,1%
Турски:3,54%
Ромски:1,90%
Српски:1,22%
Босански:0,42%
Влашки:0.34%
други:0.95%
Јазици
Македонски
66,49 %
Албански
25,1 %
Турски
3,54 %
Ромски
1,90 %
Српски
1,22 %
Босански
0,42 %
Влашки
0,34 %
други
0,95 %
Православие:64.7%
Ислам:33.3%
други:2%
Религија
Православни
64,7 %
Муслимани
33,3 %
други
2 %
Карта на Македонците во Македонија
Карта на Ромите во Македонија
Карта на Власите во Македонија
Карта на Албанците во Македонија
Карта на Србите во Македонија
Карта на Бошњаците во Македонија
Карта на Турците во Македонија
Етнички групи во Македонија (1943 — 2021)
Етнички групи
1948
1953
1961
1971
1981
1991
1994
2002
2021
Број
%
Број
%
Број
%
Број
%
Број
%
Број
%
Број
%
Број
%
Број
%
Македонци
789,648
68.5
860,699
66.0
1,000,854
71.2
1,142,375
69.3
1,281,195
67.0
1,328,187
65.3
1,295,964
66.6
1,297,981
64.18
1,073,299
58.44
Албанци
197,389
17.1
162,524
12.5
183,108
13.0
279,871
17.0
377,726
19.8
441,987
21.7
441,104
22.7
509,083
25.17
446,245
24.30
Турци
95,940
8.3
203,938
15.6
131,481
9.4
108,552
6.6
86,691
4.5
77,080
3.8
77,019
4.0
77,959
3.85
70,961
3.86
Роми
19,500
1.7
20,462
1.6
20,606
1.5
24,505
1.5
43,223
2.3
52,103
2.6
43,707
2.2
53,879
2.66
46,433
2,53
Срби
29,721
2.6
35,112
2.7
42,728
3.0
46,465
2.8
44,613
2.3
42,775
2.1
40,228
2.1
35,939
1.78
23,847
1.30
Бошњаци
1,560
0.1
1,591
0.1
3,002
0.2
1,248
0.1
39,555
2.1
31,356
1.5
6,829
0.3
17,018
0.84
16,042
0.87
Муслимани
15,418
0.8
2,553
0.13
1,187
0.06
Власи
9,511
0.8
8,668
0.7
8,046
0.6
7,190
0.4
6,392
0.3
7,764
0.4
8,601
0.4
9,695
0.48
8,714
0.47
Бугари
889
0.1
920
0.1
3,087
0.2
3,334
0.2
1,984
0.1
1,370
0.1
1,682
0.1
1,417
0.07
3,504
0.19
Хрвати
2,090
0.2
2,770
0.2
3,801
0.3
3,882
0.2
3,349
0.2
2,878
0.1
2,248
0.1
2,686
0.13
2,145
0.12
Црногорци
2,348
0.2
2,526
0.2
3,414
0.2
3,246
0.2
3,940
0.2
3,225
0.1
2,318
0.1
2,003
0.10
1,023
0.06
Југословени
1,260
0.1
3,652
0.2
14,240
0.7
344
0.02
Други/неопределени
4,390
0.4
5,304
0.4
4,616
0.3
22,988
1.4
6,228
0.3
45,239
2.2
9,814
0.5
14,887
0.74
142,969
7.78
Вкупно
1,152,986
1,304,514
1,406,003
1,647,308
1,909,136
2,033,964
1,945,932
2,022,547
1,836,713
Вкупно население, домаќинства и станови во Република Македонија[ уреди | уреди извор ]
Вкупно население на Република Македонија според национална припадност[ уреди | уреди извор ]
Вкупната стапка на плодност е бројот на живородени деца што се очекува една жена да ги има во текот на нејзиниот размножувачки период. Извори: Our World In Data и Gapminder Foundation .[ 14]
Години
1800
1810
1820
1830
1840
1850
1860
1870
1880
1890
1900[ 14]
Вкупна стапка на плодност во Македонија
5.9
5.9
5.9
5.9
5.9
5.9
5.5
6.0
5.4
5.4
5.6
Години
1910
1920
1930
1940
1950
1960
1970
1980
1990
2000
2010[ 14]
Вкупна стапка на плодност во Македонија
5.2
4.9
4.6
4.3
5.5
3.8
3.1
2.4
2.2
1.7
1.4
↑ 1,0 1,1 1,2 1,3 1,4 „Address by the Director of the State Statistical Office on the completion of the Census 2021“ .
↑ „MakStat database“ .
↑ „Latest publications“ .
↑ „Eurostat database“ .
↑ „State Statistical Office of the Republic of Macedonia“ .
↑ „Demographics statistics by regions, 1994-2004“ (PDF) .
↑ „Statistical Yearbook, 2019“ .
↑ „Natality in the Republic of North Macedonia, 2019“ .
↑ „Mortality in the Republic of North Macedonia, 2019“ .
↑ „Natality in the Republic of North Macedonia, 2020“ .
↑ „Mortality in the Republic of North Macedonia, 2020“ .
↑ „Natality in the Republic of North Macedonia, 2021“ .
↑ „Mortality in the Republic of North Macedonia, 2021“ .
↑ 14,0 14,1 14,2 Max Roser (2014). „Total Fertility Rate around the world over the last centuries“ . Our World In Data , Gapminder Foundation .